18
19
24
39
49
70
147
152
153
157
164
165
169
172
190
199
201
209
916
932
1089
1092
1093
1094
1099
1101
1102
1104
1106
1107
1109
1111
1112
1113
1114
1115
1116
1118
1119
1120
1121
1122
1123
1125
1127
1132
1134
1135
1136
1141
1144
1148
1150
1152
1153
1156
1157
1158
1159
1163
1165
1166
1172
1173
1176
1178
1179
1180
1181
1183
1185
1204
1210
1212
1217
1220
1230
1269
1270
1272
1274
1279
1283
1286
1345
1374
1501
1563
1587
1596
1606
1609
1688
1698
1875
1877
1913
1929
1950
1952
1956
1967
1968
1972
1979
1982
1983
1984
1986
1991
1993
1997
2087
2091
2096
2097
2098
2099
2100
2101
2105
2114
2125
2166
2168
2175
2180
2181
2286
2294
2295
2297
2298
2303
2305
3960
4129
4346
4347
4352
4354
4355
4359
4366
4367
4369
4372
4374
4375
4376
4380
4384
4390
4391
4392
4394
4395
4400
4402
4403
4407
4408
4410
4411
4412
4414
4418
4419
4421
4424
4426
4431
4445
4447
4448
4453
4460
4464
4468
4472
4477
4478
4487
4489
4493
4495
4500
4507
4509
4515
4516
4522
4525
4526
4538
4540
4545
4550
4594
4606
4610
4616
4618
4628
4630
4633
4636
4638
4640
4653
4654
4655
4656
4658
4663
4680
4682
4684
4685
4690
4698
4699
4701
4708
4711
4713
4716
4719
4720
4739
4742
4746
4748
4754
4760
4762
4771
4773
4774
4782
4793
4801
4809
4820
4821
4835
4851
4852
4863
4864
4870
4873
4893
4896
4900
4914
4937
4943
4945
4950
4958
4967
4972
4973
4979
4981
4985
4999
5041
5042
5078
5081
5083
5087
5140
5237
5239
5248
5261
5276
5282
5312
5324
5399
5570
5587
5590
5767
6052
6060
6077
6080
6180
6183
6261
6262
6264
6312
6423
6460
6465
6466
6502
6599
6726
6730
6739
7157
7158
7176
7481
7486
7493
7494
7496
7499
7501
7502
7509
7520
7524
7526
7527
7529
7530
7531
7542
7612
7613
7619
7623
7624
7626
7627
7631
7632
7634
7640
7652
7653
7654
7727
7747
7750
7758
7774
7779
7784
7789
8014
8019
8116
8246
8248
8252
8253
8264
8268
8272
8291
8293
8303
8307
8435
8443
8451
8459
8476
8479
8480
8482
8483
8487
8488
8491
8492
8493
8494
8495
8496
8500
8501
8502
8503
8504
8505
8510
8511
8513
8517
8521
8524
8526
8527
8528
8530
8531
8532
8533
8534
8536
8537
8539
8541
8543
8544
8547
8548
8549
8550
8554
8555
8579
8582
8593
8633
8637
8638
8641
8642
8650
8687
8757
8791
8795
8885
8933
8945
8948
9054
9060
9074
9210
9230
9235
9237
9238
9287
9309
9312
9316
9317
9318
9327
9328
9329
9331
9334
9339
9340
9342
9343
9345
9347
9351
9354
9355
9358
9378
9440
9445
9447
9448
9450
9451
9452
9456
9458
9459
9460
9461
9462
9463
9466
9467
9468
9469
9472
9483
9484
9488
9490
9527
9528
9529
9530
9531
9535
9541
9648
9650
9656
9658
9749
10502
10640
11317
11428
11499
11657
11677
11686
11695
11700
11703
11706
11707
11708
11709
11711
11716
11721
11723
11727
11728
11729
11731
11734
11738
11741
11744
11745
11755
11766
11769
11770
11771
11773
11775
11780
11781
11782
11785
11796
11797
11800
11802
11803
11805
11809
11810
11822
11823
11826
11828
11830
11831
11834
11845
11846
11849
11850
11858
11864
11867
11868
11874
11885
11886
11893
11896
11897
11900
11902
11910
11913
11914
11916
11922
11925
11933
11939
11941
11950
11951
11957
11961
11962
11967
11968
11970
11972
11973
11974
11979
11980
11984
11988
11996
12002
12004
12008
12024
12040
12045
12051
12056
12063
12066
12067
12070
12075
12083
12089
12092
12093
12094
12102
12137
12140
12152
12154
12157
12161
12168
12170
12176
12181
12182
12184
12188
12193
12196
12197
12203
12217
12219
12226
12236
12241
12247
12254
12266
12273
12274
12275
12282
12301
12310
12312
12313
12324
12337
12342
12345
12365
12367
12369
12395
12411
12412
12424
12425
12430
12434
12436
12454
12473
12497
12516
12543
12558
12562
12572
12575
12582
12586
12599
12615
12622
12645
12656
12657
12662
12694
12695
12696
12758
12763
12868
12883
12901
13075
13370
13392
13449
13455
13474
13478
13481
13484
13488
13490
13491
13501
13508
13511
13512
13521
13524
13525
13527
13528
13533
13535
13537
13538
13549
13552
13554
13556
13560
13572
13576
13620
13724
13732
13735
13746
13747
13748
13765
13769
13772
13787
13788
13800
13839
13840
13890
13909
13917
13956
13957
13959
14011
14013
14439
14460
