21
65
102
164
205
265
266
299
465
473
474
475
485
491
552
558
570
574
582
594
689
690
699
715
736
796
821
825
826
843
849
875
889
905
928
929
941
1009
1022
1027
1048
1085
1095
1153
1175
1191
1264
1330
1391
1420
1445
1464
1468
1476
1485
1486
1500
1598
1609
1647
1704
1706
1718
1740
1743
1749
1794
1865
1886
1901
1911
1917
1922
1924
1933
1934
1935
1946
1955
2031
2058
2070
2089
2211
2212
2218
2223
2234
2235
2237
2240
2243
2250
2254
2256
2259
2260
2270
2276
2282
2285
2295
2298
2299
2303
2314
2322
2326
2333
2340
2349
2352
2375
2384
2391
2392
2407
2413
2425
2458
2461
2466
2482
2490
2494
2498
