3
27
40
48
49
56
69
87
95
96
101
103
132
135
148
160
167
198
203
210
217
247
266
288
289
299
312
314
333
379
385
389
391
396
401
402
411
412
424
425
437
438
441
445
451
452
457
461
471
473
475
476
478
483
484
485
492
511
523
547
548
550
583
587
592
606
610
615
630
643
660
696
707
721
730
736
763
779
804
861
879
893
939
966
994
1007
1035
1042
1046
1047
1049
1053
1073
1078
1083
1093
1119
1130
1134
1155
1192
1226
1233
1255
1271
1272
1330
1350
1355
1406
1413
1502
1528
1564
1590
1597
1707
1796
1803
1808
1845
1847
1848
1850
1855
1857
1866
1867
1879
2101
2173
2174
2176
2180
2182
2185
2187
2189
2190
2192
2198
2200
2203
2210
2232
2246
2261
2265
2266
2267
2275
2278
2280
2286
2299
2317
2321
2332
2340
2347
2348
2349
2390
2391
2399
2412
2430
